2441714.458333	43.472400
2441742.458333	43.564800
2441773.458333	43.673700
2441803.458333	43.778200
2441834.458333	43.876300
2441864.458333	43.956200
2441895.458333	44.031500
2441926.458333	44.113200
2441956.458333	44.198200
2441987.458333	44.295200
2442017.458333	44.393600
2442048.458333	44.484100
2442079.458333	44.564600
2442107.458333	44.642500
2442138.458333	44.738600
2442168.458333	44.837000
2442199.458333	44.930200
2442229.458333	44.998600
2442260.458333	45.058400
2442291.458333	45.128400
2442321.458333	45.206400
2442352.458333	45.298000
2442382.458333	45.389700
2442413.458333	45.476100
2442444.458333	45.563300
2442472.458333	45.645000
2442503.458333	45.737500
2442533.458333	45.828400
2442564.458333	45.913300
2442594.458333	45.982000
2442625.458333	46.040800
2442656.458333	46.106700
2442686.458333	46.182500
2442717.458333	46.278900
2442747.458333	46.371300
2442778.458333	46.456700
2442809.458333	46.544500
2442838.458333	46.631100
2442869.458333	46.730200
2442899.458333	46.828400
2442930.458333	46.924700
2442960.458333	46.997000
2442991.458333	47.070900
2443022.458333	47.145100
2443052.458333	47.236200
2443083.458333	47.341300
2443113.458333	47.431900
2443144.458333	47.521400
2443175.458333	47.604900
2443203.458333	47.683700
2443234.458333	47.778100
2443264.416667	47.877100
2443295.416667	47.968700
2443325.416667	48.034800
2443356.416667	48.094200
2443387.416667	48.160800
2443417.458333	48.246000
2443448.458333	48.343900
2443478.458333	48.435500
2443509.458333	48.534400
2443540.458333	48.632500
2443568.458333	48.729400
2443599.458333	48.836500
2443629.416667	48.935300
2443660.416667	49.031900
2443690.416667	49.101300
2443721.416667	49.159100
2443752.416667	49.228600
2443782.416667	49.307000
2443813.458333	49.401800
2443843.458333	49.494500
2443874.458333	49.586200
2443905.458333	49.680500
2443933.458333	49.760200
2443964.458333	49.855600
2443994.416667	49.948900
2444025.416667	50.034700
2444055.416667	50.101900
2444086.416667	50.162200
2444117.416667	50.226000
2444147.458333	50.296800
2444178.458333	50.383100
2444208.458333	50.459900
2444239.458333	50.538700
2444270.458333	50.616100
2444299.458333	50.686600
2444330.458333	50.765800
2444360.416667	50.845400
2444391.416667	50.918700
2444421.416667	50.976100
2444452.416667	51.027800
2444483.416667	51.084300
2444513.458333	51.153800
2444544.458333	51.231900
2444574.458333	51.306300
2444605.458333	51.380800
2444636.458333	51.452600
2444664.458333	51.516000
2444695.416667	51.598500
2444725.416667	51.680900
2444756.416667	51.757300
2444786.416667	51.813300
2444817.416667	51.853200
2444848.416667	51.901400
2444878.458333	51.960300
2444909.458333	52.032800
2444939.458333	52.098500
2444970.458333	52.166800
2445001.458333	52.231600
2445029.458333	52.293800
2445060.416667	52.368000
2445090.416667	52.446500
2445121.416667	52.518000
2445151.416667	52.575200
2445182.416667	52.617800
2445213.416667	52.666800
2445243.458333	52.734000
2445274.458333	52.805600
2445304.458333	52.879200
2445335.458333	52.956500
2445366.458333	53.044500
2445394.458333	53.126800
2445425.416667	53.219700
2445455.416667	53.302400
2445486.416667	53.374700
2445516.416667	53.433500
2445547.416667	53.477800
2445578.416667	53.530000
2445608.458333	53.584500
2445639.458333	53.652300
2445669.458333	53.725600
2445700.458333	53.788200
2445731.458333	53.836700
2445760.458333	53.883000
2445791.416667	53.944300
2445821.416667	54.004200
2445852.416667	54.053600
2445882.416667	54.085600
2445913.416667	54.108400
2445944.416667	54.146300
2445974.458333	54.191400
2446005.458333	54.245200
2446035.458333	54.295800
2446066.458333	54.342700
2446097.458333	54.391100
2446125.458333	54.432000
2446156.416667	54.489800
2446186.416667	54.545600
2446217.416667	54.597700
2446247.416667	54.635500
2446278.416667	54.653200
2446309.416667	54.677600
2446339.458333	54.717400
2446370.458333	54.774100
2446400.458333	54.825300
2446431.458333	54.871300
2446462.458333	54.916100
2446490.458333	54.958100
2446521.416667	54.999700
2446551.416667	55.047600
2446582.416667	55.091200
2446612.416667	55.113200
2446643.416667	55.132800
2446674.416667	55.153200
2446704.458333	55.189800
2446735.458333	55.241600
2446765.458333	55.283800
2446796.458333	55.322200
2446827.458333	55.361300
2446855.458333	55.406300
2446886.416667	55.462900
2446916.416667	55.511100
2446947.416667	55.552400
2446977.416667	55.581200
2447008.416667	55.600400
2447039.416667	55.626200
2447069.458333	55.665600
2447100.458333	55.716800
2447130.458333	55.769800
2447161.458333	55.819700
2447192.458333	55.861500
2447221.458333	55.913000
2447252.416667	55.966300
2447282.416667	56.022000
2447313.416667	56.070000
2447343.416667	56.093900
2447374.416667	56.110500
2447405.416667	56.131400
2447435.458333	56.161100
2447466.458333	56.206800
2447496.458333	56.258300
2447527.458333	56.300000
2447558.458333	56.339900
2447586.458333	56.379000
2447617.416667	56.428300
2447647.416667	56.480400
2447678.416667	56.535200
2447708.416667	56.569700
2447739.416667	56.598300
2447770.416667	56.632800
2447800.458333	56.673900
2447831.458333	56.733200
2447861.458333	56.797200
2447892.458333	56.855300
2447923.458333	56.911100
2447951.458333	56.975500
2447982.416667	57.047100
2448012.416667	57.113600
2448043.416667	57.173800
2448073.416667	57.222600
2448104.416667	57.259700
2448135.416667	57.307300
2448165.458333	57.364300
2448196.458333	57.433400
2448226.458333	57.501600
2448257.458333	57.565300
2448288.458333	57.633300
2448316.458333	57.697300
2448347.416667	57.771100
2448377.416667	57.840700
2448408.416667	57.905800
2448438.416667	57.957600
2448469.416667	57.997500
2448500.416667	58.042600
2448530.458333	58.104300
2448561.458333	58.167900
2448591.458333	58.238900
2448622.458333	58.309200
2448653.458333	58.383300
2448682.458333	58.453700
2448713.416667	58.540100
2448743.416667	58.622800
2448774.416667	58.691700
2448804.416667	58.741000
2448835.416667	58.783600
2448866.416667	58.840600
2448896.458333	58.898600
2448927.458333	58.971400
2448957.458333	59.043800
2448988.458333	59.121800
2449019.458333	59.200300
2449047.458333	59.274700
2449078.416667	59.357400
2449108.416667	59.443400
2449139.416667	59.524200
2449169.416667	59.585000
2449200.416667	59.634400
2449231.416667	59.692800
2449261.458333	59.758800
2449292.458333	59.838600
2449322.458333	59.911100
2449353.458333	59.984500
2449384.458333	60.056400
2449412.458333	60.123100
2449443.416667	60.204200
2449473.416667	60.280400
2449504.416667	60.353000
2449534.416667	60.401200
2449565.416667	60.444000
2449596.416667	60.490000
2449626.458333	60.557800
2449657.458333	60.632400
2449687.458333	60.705900
2449718.458333	60.785300
2449749.458333	60.866400
2449777.458333	60.938700
2449808.416667	61.027700
2449838.416667	61.110300
2449869.416667	61.187000
2449899.416667	61.245400
2449930.416667	61.288100
2449961.416667	61.337800
2449991.458333	61.403600
2450022.458333	61.476000
2450052.458333	61.552500
2450083.458333	61.628700
2450114.458333	61.684600
2450143.458333	61.743300
2450174.416667	61.813200
2450204.416667	61.882300
2450235.416667	61.949700
2450265.416667	61.996900
2450296.416667	62.034300
2450327.416667	62.071400
2450357.416667	62.120200
2450388.458333	62.181000
2450418.458333	62.238200
2450449.458333	62.295000
2450480.458333	62.350600
2450508.458333	62.399500
2450539.416667	62.475400
2450569.416667	62.546300
2450600.416667	62.613600
2450630.416667	62.657100
2450661.416667	62.694200
2450692.416667	62.738300
2450722.416667	62.792600
2450753.458333	62.856700
2450783.458333	62.914600
2450814.458333	62.965900
2450845.458333	63.021700
2450873.458333	63.080700
2450904.416667	63.146200
2450934.416667	63.205300
2450965.416667	63.259900
2450995.416667	63.284400
2451026.416667	63.296100
2451057.416667	63.312600
2451087.416667	63.342200
2451118.458333	63.387100
2451148.458333	63.433900
2451179.458333	63.467300
2451210.458333	63.497900
2451238.458333	63.531900
2451269.416667	63.567900
2451299.416667	63.610400
2451330.416667	63.644400
2451360.416667	63.664200
2451391.416667	63.673900
2451422.416667	63.692600
2451452.416667	63.714700
2451483.458333	63.751800
2451513.458333	63.792700
2451544.458333	63.828500
2451575.458333	63.855700
2451604.458333	63.880400
2451635.416667	63.907500
2451665.416667	63.939300
2451696.416667	63.969100
2451726.416667	63.979900
2451757.416667	63.983300
2451788.416667	63.993800
2451818.416667	64.009300
2451849.458333	64.040000
2451879.458333	64.067000
2451910.458333	64.090800
2451941.458333	64.106800
2451969.458333	64.128200
2452000.416667	64.158400
2452030.416667	64.183300
2452061.416667	64.209400
2452091.416667	64.211700
2452122.416667	64.207300
2452153.416667	64.211600
2452183.416667	64.222300
2452214.458333	64.250000
2452244.458333	64.276100
2452275.458333	64.299800
2452306.458333	64.319200
2452334.458333	64.345000
2452365.416667	64.373500
2452395.416667	64.394300
2452426.416667	64.415100
2452456.416667	64.413200
2452487.416667	64.411800
2452518.416667	64.409700
2452548.416667	64.416800
2452579.458333	64.432900
2452609.458333	64.451100
2452640.458333	64.473400
2452671.458333	64.489300
2452699.458333	64.505300
2452730.416667	64.526900
2452760.416667	64.547100
2452791.416667	64.559700
2452821.416667	64.551200
2452852.416667	64.537100
2452883.416667	64.535900
2452913.416667	64.541500
2452944.458333	64.554400
2452974.458333	64.565400
2453005.458333	64.573600
2453036.458333	64.589100
2453065.458333	64.601500
2453096.416667	64.617600
2453126.416667	64.637400
2453157.416667	64.654900
2453187.416667	64.653000
2453218.416667	64.637900
2453249.416667	64.637200
2453279.416667	64.640000
2453310.458333	64.654300
2453340.458333	64.672300
2453371.458333	64.687600
2453402.458333	64.705200
2453430.458333	64.731300
2453461.416667	64.757500
2453491.416667	64.781100
2453522.416667	64.800100
2453552.416667	64.799500
2453583.416667	64.787600
2453614.416667	64.783100
2453644.416667	64.792100
2453675.458333	64.809600
2453705.458333	64.831100
2453736.458333	64.845200
2453767.458333	64.859700
2453795.458333	64.885000
2453826.416667	64.917500
2453856.416667	64.948000
2453887.416667	64.979400
2453917.416667	64.989500
2453948.416667	65.002800
2453979.416667	65.013800
2454009.416667	65.037100
2454040.458333	65.077300
2454070.458333	65.112200
2454101.458333	65.146400
2454132.458333	65.183300
2454160.458333	65.214500
2454191.416667	65.249400
2454221.416667	65.292100
2454252.416667	65.327900
2454282.416667	65.341300
2454313.416667	65.345200
2454344.416667	65.349600
2454374.416667	65.371100
2454405.458333	65.397200
2454435.458333	65.429600
2454466.458333	65.457300
2454497.458333	65.486800
2454526.458333	65.515200
2454557.416667	65.545000
2454587.416667	65.578100
2454618.416667	65.612700
2454648.416667	65.628800
2454679.416667	65.637000
2454710.416667	65.649300
2454740.416667	65.676000
2454771.458333	65.709700
2454801.458333	65.746100
2454832.458333	65.776800
2454863.458333	65.802500
2454891.458333	65.823700
2454922.416667	65.859500
2454952.416667	65.897300
2454983.416667	65.932300
2455013.416667	65.950900
2455044.416667	65.953400
2455075.416667	65.962800
2455105.416667	65.983900
2455136.458333	66.014700
2455166.458333	66.042000
2455197.458333	66.069900
2455228.458333	66.096100
2455256.458333	66.131000
2455287.416667	66.168300
2455317.416667	66.207200
2455348.416667	66.235600
2455378.416667	66.240900
2455409.416667	66.233500
2455440.416667	66.234900
2455470.416667	66.244100
2455501.458333	66.275100
2455531.458333	66.305400
2455562.458333	66.324600
2455593.458333	66.340600
2455621.458333	66.362400
2455652.416667	66.395700
2455682.416667	66.428900
2455713.416667	66.461900
2455743.416667	66.474900
2455774.416667	66.475100
2455805.416667	66.482900
2455835.416667	66.505600
2455866.458333	66.538300
2455896.458333	66.570600
2455927.458333	66.603000
2455958.458333	66.634000
2455987.458333	66.656900
2456018.416667	66.692500
2456048.416667	66.728900
2456079.416667	66.757900
2456109.416667	66.770800
2456140.416667	66.774000
2456171.416667	66.784600
2456201.416667	66.810300
2456232.458333	66.840000
2456262.458333	66.877900
2456293.458333	66.906900
2456324.458333	66.944300
2456352.458333	66.976300
2456383.416667	67.025800
2456413.416667	67.071600
2456444.416667	67.110000
2456474.416667	67.126600
2456505.416667	67.133100
2456536.416667	67.145800
2456566.416667	67.171700
2456597.458333	67.209100
2456627.458333	67.246000
2456658.458333	67.281000